0 57.000000,
1 58.000000,
2 59.000000,
3 59.000000,
4 58.000000,
5 57.000000,
6 58.000000,
7 58.000000,
8 59.000000,
9 59.000000,
10 59.000000,
11 59.000000,
12 60.000000,
13 61.000000,
14 62.000000,
15 63.000000,
16 62.000000,
17 62.000000,
18 58.000000,
19 65.000000,
20 123.000000,
21 169.000000,
22 155.000000,
23 142.000000,
24 134.000000,
25 134.000000,
26 117.000000,
27 153.000000,
28 163.000000,
29 146.000000,
30 169.000000,
31 153.000000,

416 57.000000,
417 58.000000,
418 60.000000,
419 60.000000,
420 58.000000,
421 57.000000,
422 58.000000,
423 58.000000,
424 59.000000,
425 59.000000,
426 59.000000,
427 59.000000,
428 60.000000,
429 61.000000,
430 63.000000,
431 63.000000,
432 59.000000,
433 64.000000,
434 64.000000,
435 65.000000,
436 102.000000,
437 144.000000,
438 151.000000,
439 159.000000,
440 132.000000,
441 162.000000,
442 144.000000,
443 160.000000,
444 166.000000,
445 158.000000,
446 156.000000,
447 154.000000,

832 57.000000,
833 58.000000,
834 60.000000,
835 60.000000,
836 59.000000,
837 58.000000,
838 58.000000,
839 59.000000,
840 59.000000,
841 59.000000,
842 59.000000,
843 60.000000,
844 61.000000,
845 62.000000,
846 63.000000,
847 63.000000,
848 58.000000,
849 63.000000,
850 66.000000,
851 61.000000,
852 86.000000,
853 119.000000,
854 134.000000,
855 156.000000,
856 140.000000,
857 149.000000,
858 159.000000,
859 148.000000,
860 169.000000,
861 158.000000,
862 167.000000,
863 170.000000,

1248 57.000000,
1249 59.000000,
1250 60.000000,
1251 60.000000,
1252 59.000000,
1253 58.000000,
1254 58.000000,
1255 59.000000,
1256 60.000000,
1257 60.000000,
1258 60.000000,
1259 60.000000,
1260 61.000000,
1261 62.000000,
1262 63.000000,
1263 64.000000,
1264 61.000000,
1265 56.000000,
1266 60.000000,
1267 60.000000,
1268 80.000000,
1269 108.000000,
1270 119.000000,
1271 132.000000,
1272 132.000000,
1273 109.000000,
1274 126.000000,
1275 148.000000,
1276 148.000000,
1277 155.000000,
1278 150.000000,
1279 158.000000,

1664 58.000000,
1665 59.000000,
1666 60.000000,
1667 60.000000,
1668 59.000000,
1669 58.000000,
1670 59.000000,
1671 59.000000,
1672 60.000000,
1673 60.000000,
1674 60.000000,
1675 60.000000,
1676 61.000000,
1677 62.000000,
1678 63.000000,
1679 64.000000,
1680 64.000000,
1681 53.000000,
1682 59.000000,
1683 60.000000,
1684 74.000000,
1685 103.000000,
1686 115.000000,
1687 125.000000,
1688 144.000000,
1689 134.000000,
1690 103.000000,
1691 136.000000,
1692 126.000000,
1693 173.000000,
1694 125.000000,
1695 158.000000,

2080 58.000000,
2081 59.000000,
2082 61.000000,
2083 61.000000,
2084 60.000000,
2085 59.000000,
2086 59.000000,
2087 60.000000,
2088 60.000000,
2089 60.000000,
2090 60.000000,
2091 61.000000,
2092 62.000000,
2093 63.000000,
2094 64.000000,
2095 64.000000,
2096 64.000000,
2097 58.000000,
2098 67.000000,
2099 61.000000,
2100 67.000000,
2101 102.000000,
2102 125.000000,
2103 140.000000,
2104 106.000000,
2105 144.000000,
2106 132.000000,
2107 118.000000,
2108 163.000000,
2109 175.000000,
2110 117.000000,
2111 130.000000,

2496 58.000000,
2497 60.000000,
2498 61.000000,
2499 61.000000,
2500 60.000000,
2501 59.000000,
2502 59.000000,
2503 60.000000,
2504 61.000000,
2505 60.000000,
2506 61.000000,
2507 61.000000,
2508 62.000000,
2509 63.000000,
2510 64.000000,
2511 65.000000,
2512 65.000000,
2513 61.000000,
2514 71.000000,
2515 61.000000,
2516 66.000000,
2517 106.000000,
2518 137.000000,
2519 145.000000,
2520 101.000000,
2521 126.000000,
2522 118.000000,
2523 73.000000,
2524 104.000000,
2525 129.000000,
2526 143.000000,
2527 154.000000,

2912 58.000000,
2913 60.000000,
2914 61.000000,
2915 61.000000,
2916 60.000000,
2917 59.000000,
2918 59.000000,
2919 60.000000,
2920 61.000000,
2921 61.000000,
2922 61.000000,
2923 61.000000,
2924 62.000000,
2925 63.000000,
2926 64.000000,
2927 65.000000,
2928 68.000000,
2929 63.000000,
2930 71.000000,
2931 61.000000,
2932 70.000000,
2933 117.000000,
2934 139.000000,
2935 136.000000,
2936 75.000000,
2937 100.000000,
2938 116.000000,
2939 158.000000,
2940 82.000000,
2941 140.000000,
2942 151.000000,
2943 146.000000,

3328 59.000000,
3329 59.000000,
3330 60.000000,
3331 62.000000,
3332 63.000000,
3333 62.000000,
3334 60.000000,
3335 58.000000,
3336 61.000000,
3337 61.000000,
3338 61.000000,
3339 62.000000,
3340 62.000000,
3341 64.000000,
3342 65.000000,
3343 65.000000,
3344 65.000000,
3345 65.000000,
3346 58.000000,
3347 75.000000,
3348 72.000000,
3349 101.000000,
3350 166.000000,
3351 152.000000,
3352 147.000000,
3353 160.000000,
3354 124.000000,
3355 159.000000,
3356 133.000000,
3357 130.000000,
3358 110.000000,
3359 147.000000,

3744 60.000000,
3745 60.000000,
3746 60.000000,
3747 62.000000,
3748 63.000000,
3749 62.000000,
3750 60.000000,
3751 58.000000,
3752 61.000000,
3753 61.000000,
3754 61.000000,
3755 62.000000,
3756 63.000000,
3757 64.000000,
3758 65.000000,
3759 65.000000,
3760 64.000000,
3761 69.000000,
3762 59.000000,
3763 67.000000,
3764 74.000000,
3765 118.000000,
3766 170.000000,
3767 139.000000,
3768 135.000000,
3769 147.000000,
3770 123.000000,
3771 165.000000,
3772 140.000000,
3773 129.000000,
3774 108.000000,
3775 97.000000,

4160 60.000000,
4161 60.000000,
4162 60.000000,
4163 62.000000,
4164 63.000000,
4165 62.000000,
4166 60.000000,
4167 58.000000,
4168 62.000000,
4169 62.000000,
4170 62.000000,
4171 62.000000,
4172 63.000000,
4173 64.000000,
4174 65.000000,
4175 66.000000,
4176 67.000000,
4177 69.000000,
4178 61.000000,
4179 67.000000,
4180 72.000000,
4181 109.000000,
4182 154.000000,
4183 128.000000,
4184 124.000000,
4185 144.000000,
4186 144.000000,
4187 174.000000,
4188 146.000000,
4189 137.000000,
4190 147.000000,
4191 129.000000,

4576 61.000000,
4577 60.000000,
4578 60.000000,
4579 61.000000,
4580 63.000000,
4581 62.000000,
4582 61.000000,
4583 59.000000,
4584 62.000000,
4585 62.000000,
4586 62.000000,
4587 62.000000,
4588 63.000000,
4589 64.000000,
4590 65.000000,
4591 66.000000,
4592 72.000000,
4593 65.000000,
4594 64.000000,
4595 76.000000,
4596 69.000000,
4597 80.000000,
4598 119.000000,
4599 123.000000,
4600 129.000000,
4601 145.000000,
4602 164.000000,
4603 180.000000,
4604 179.000000,
4605 163.000000,
4606 147.000000,
4607 132.000000,

4992 62.000000,
4993 61.000000,
4994 61.000000,
4995 61.000000,
4996 62.000000,
4997 63.000000,
4998 61.000000,
4999 60.000000,
5000 62.000000,
5001 62.000000,
5002 62.000000,
5003 63.000000,
5004 63.000000,
5005 65.000000,
5006 66.000000,
5007 66.000000,
5008 75.000000,
5009 65.000000,
5010 65.000000,
5011 74.000000,
5012 66.000000,
5013 69.000000,
5014 102.000000,
5015 121.000000,
5016 116.000000,
5017 136.000000,
5018 159.000000,
5019 148.000000,
5020 163.000000,
5021 150.000000,
5022 131.000000,
5023 170.000000,

5408 63.000000,
5409 62.000000,
5410 61.000000,
5411 61.000000,
5412 62.000000,
5413 63.000000,
5414 62.000000,
5415 61.000000,
5416 63.000000,
5417 63.000000,
5418 63.000000,
5419 63.000000,
5420 64.000000,
5421 65.000000,
5422 66.000000,
5423 67.000000,
5424 73.000000,
5425 66.000000,
5426 64.000000,
5427 64.000000,
5428 64.000000,
5429 82.000000,
5430 112.000000,
5431 128.000000,
5432 132.000000,
5433 146.000000,
5434 139.000000,
5435 116.000000,
5436 143.000000,
5437 144.000000,
5438 138.000000,
5439 201.000000,

5824 63.000000,
5825 62.000000,
5826 61.000000,
5827 61.000000,
5828 62.000000,
5829 63.000000,
5830 62.000000,
5831 62.000000,
5832 63.000000,
5833 63.000000,
5834 63.000000,
5835 63.000000,
5836 64.000000,
5837 65.000000,
5838 66.000000,
5839 67.000000,
5840 69.000000,
5841 62.000000,
5842 65.000000,
5843 66.000000,
5844 69.000000,
5845 88.000000,
5846 120.000000,
5847 153.000000,
5848 175.000000,
5849 182.000000,
5850 137.000000,
5851 136.000000,
5852 164.000000,
5853 157.000000,
5854 135.000000,
5855 129.000000,

6240 64.000000,
6241 62.000000,
6242 61.000000,
6243 61.000000,
6244 62.000000,
6245 63.000000,
6246 63.000000,
6247 62.000000,
6248 63.000000,
6249 63.000000,
6250 63.000000,
6251 63.000000,
6252 64.000000,
6253 65.000000,
6254 66.000000,
6255 67.000000,
6256 68.000000,
6257 56.000000,
6258 66.000000,
6259 77.000000,
6260 73.000000,
6261 75.000000,
6262 118.000000,
6263 181.000000,
6264 160.000000,
6265 206.000000,
6266 165.000000,
6267 163.000000,
6268 138.000000,
6269 115.000000,
6270 137.000000,
6271 121.000000,

6656 67.000000,
6657 64.000000,
6658 61.000000,
6659 60.000000,
6660 61.000000,
6661 63.000000,
6662 65.000000,
6663 65.000000,
6664 61.000000,
6665 61.000000,
6666 62.000000,
6667 63.000000,
6668 64.000000,
6669 66.000000,
6670 68.000000,
6671 69.000000,
6672 73.000000,
6673 67.000000,
6674 63.000000,
6675 69.000000,
6676 76.000000,
6677 84.000000,
6678 100.000000,
6679 197.000000,
6680 130.000000,
6681 183.000000,
6682 185.000000,
6683 139.000000,
6684 105.000000,
6685 108.000000,
6686 120.000000,
6687 94.000000,

7072 66.000000,
7073 64.000000,
7074 62.000000,
7075 61.000000,
7076 62.000000,
7077 64.000000,
7078 64.000000,
7079 64.000000,
7080 61.000000,
7081 61.000000,
7082 62.000000,
7083 63.000000,
7084 64.000000,
7085 66.000000,
7086 68.000000,
7087 69.000000,
7088 64.000000,
7089 73.000000,
7090 75.000000,
7091 70.000000,
7092 63.000000,
7093 71.000000,
7094 111.000000,
7095 239.000000,
7096 84.000000,
7097 136.000000,
7098 173.000000,
7099 151.000000,
7100 121.000000,
7101 110.000000,
7102 118.000000,
7103 105.000000,

7488 65.000000,
7489 64.000000,
7490 63.000000,
7491 63.000000,
7492 64.000000,
7493 65.000000,
7494 64.000000,
7495 63.000000,
7496 62.000000,
7497 62.000000,
7498 62.000000,
7499 63.000000,
7500 65.000000,
7501 66.000000,
7502 68.000000,
7503 69.000000,
7504 64.000000,
7505 73.000000,
7506 70.000000,
7507 69.000000,
7508 72.000000,
7509 71.000000,
7510 93.000000,
7511 214.000000,
7512 113.000000,
7513 93.000000,
7514 107.000000,
7515 98.000000,
7516 114.000000,
7517 121.000000,
7518 120.000000,
7519 92.000000,

7904 64.000000,
7905 63.000000,
7906 63.000000,
7907 64.000000,
7908 66.000000,
7909 66.000000,
7910 64.000000,
7911 62.000000,
7912 62.000000,
7913 63.000000,
7914 63.000000,
7915 64.000000,
7916 65.000000,
7917 66.000000,
7918 68.000000,
7919 68.000000,
7920 68.000000,
7921 71.000000,
7922 62.000000,
7923 67.000000,
7924 81.000000,
7925 72.000000,
7926 69.000000,
7927 168.000000,
7928 142.000000,
7929 110.000000,
7930 119.000000,
7931 101.000000,
7932 109.000000,
7933 116.000000,
7934 128.000000,
7935 116.000000,

8320 64.000000,
8321 64.000000,
8322 64.000000,
8323 65.000000,
8324 67.000000,
8325 66.000000,
8326 64.000000,
8327 62.000000,
8328 63.000000,
8329 63.000000,
8330 63.000000,
8331 64.000000,
8332 65.000000,
8333 66.000000,
8334 68.000000,
8335 68.000000,
8336 66.000000,
8337 75.000000,
8338 68.000000,
8339 66.000000,
8340 68.000000,
8341 64.000000,
8342 71.000000,
8343 169.000000,
8344 138.000000,
8345 136.000000,
8346 161.000000,
8347 160.000000,
8348 166.000000,
8349 162.000000,
8350 157.000000,
8351 136.000000,

8736 64.000000,
8737 64.000000,
8738 64.000000,
8739 65.000000,
8740 67.000000,
8741 66.000000,
8742 64.000000,
8743 63.000000,
8744 64.000000,
8745 64.000000,
8746 64.000000,
8747 64.000000,
8748 65.000000,
8749 66.000000,
8750 68.000000,
8751 68.000000,
8752 69.000000,
8753 72.000000,
8754 71.000000,
8755 68.000000,
8756 65.000000,
8757 69.000000,
8758 74.000000,
8759 152.000000,
8760 140.000000,
8761 139.000000,
8762 128.000000,
8763 159.000000,
8764 195.000000,
8765 204.000000,
8766 180.000000,
8767 137.000000,

9152 65.000000,
9153 65.000000,
9154 64.000000,
9155 65.000000,
9156 66.000000,
9157 66.000000,
9158 65.000000,
9159 63.000000,
9160 65.000000,
9161 65.000000,
9162 64.000000,
9163 65.000000,
9164 65.000000,
9165 66.000000,
9166 67.000000,
9167 68.000000,
9168 76.000000,
9169 67.000000,
9170 67.000000,
9171 67.000000,
9172 66.000000,
9173 80.000000,
9174 68.000000,
9175 106.000000,
9176 154.000000,
9177 167.000000,
9178 116.000000,
9179 146.000000,
9180 163.000000,
9181 166.000000,
9182 164.000000,
9183 155.000000,

9568 66.000000,
9569 65.000000,
9570 64.000000,
9571 65.000000,
9572 66.000000,
9573 66.000000,
9574 65.000000,
9575 64.000000,
9576 65.000000,
9577 65.000000,
9578 65.000000,
9579 65.000000,
9580 66.000000,
9581 66.000000,
9582 67.000000,
9583 68.000000,
9584 80.000000,
9585 66.000000,
9586 68.000000,
9587 66.000000,
9588 59.000000,
9589 79.000000,
9590 69.000000,
9591 94.000000,
9592 190.000000,
9593 214.000000,
9594 140.000000,
9595 167.000000,
9596 161.000000,
9597 145.000000,
9598 145.000000,
9599 154.000000,

9984 67.000000,
9985 67.000000,
9986 67.000000,
9987 67.000000,
9988 66.000000,
9989 66.000000,
9990 66.000000,
9991 66.000000,
9992 66.000000,
9993 66.000000,
9994 66.000000,
9995 67.000000,
9996 68.000000,
9997 69.000000,
9998 71.000000,
9999 71.000000,
10000 73.000000,
10001 71.000000,
10002 71.000000,
10003 72.000000,
10004 70.000000,
10005 69.000000,
10006 76.000000,
10007 85.000000,
10008 137.000000,
10009 157.000000,
10010 179.000000,
10011 133.000000,
10012 167.000000,
10013 162.000000,
10014 122.000000,
10015 180.000000,

10400 67.000000,
10401 67.000000,
10402 67.000000,
10403 67.000000,
10404 66.000000,
10405 66.000000,
10406 66.000000,
10407 66.000000,
10408 65.000000,
10409 65.000000,
10410 65.000000,
10411 65.000000,
10412 66.000000,
10413 67.000000,
10414 69.000000,
10415 69.000000,
10416 72.000000,
10417 71.000000,
10418 71.000000,
10419 72.000000,
10420 70.000000,
10421 69.000000,
10422 75.000000,
10423 82.000000,
10424 145.000000,
10425 142.000000,
10426 159.000000,
10427 137.000000,
10428 152.000000,
10429 160.000000,
10430 148.000000,
10431 197.000000,

10816 67.000000,
10817 67.000000,
10818 67.000000,
10819 67.000000,
10820 67.000000,
10821 67.000000,
10822 67.000000,
10823 67.000000,
10824 65.000000,
10825 65.000000,
10826 65.000000,
10827 66.000000,
10828 66.000000,
10829 68.000000,
10830 69.000000,
10831 69.000000,
10832 71.000000,
10833 71.000000,
10834 72.000000,
10835 72.000000,
10836 71.000000,
10837 69.000000,
10838 73.000000,
10839 78.000000,
10840 181.000000,
10841 158.000000,
10842 152.000000,
10843 149.000000,
10844 136.000000,
10845 144.000000,
10846 144.000000,
10847 161.000000,

11232 67.000000,
11233 67.000000,
11234 67.000000,
11235 67.000000,
11236 67.000000,
11237 67.000000,
11238 67.000000,
11239 68.000000,
11240 68.000000,
11241 68.000000,
11242 67.000000,
11243 68.000000,
11244 68.000000,
11245 69.000000,
11246 70.000000,
11247 71.000000,
11248 70.000000,
11249 71.000000,
11250 72.000000,
11251 72.000000,
11252 71.000000,
11253 70.000000,
11254 71.000000,
11255 74.000000,
11256 178.000000,
11257 173.000000,
11258 153.000000,
11259 161.000000,
11260 143.000000,
11261 147.000000,
11262 141.000000,
11263 136.000000,

11648 66.000000,
11649 67.000000,
11650 67.000000,
11651 67.000000,
11652 68.000000,
11653 68.000000,
11654 68.000000,
11655 68.000000,
11656 69.000000,
11657 68.000000,
11658 68.000000,
11659 68.000000,
11660 69.000000,
11661 69.000000,
11662 70.000000,
11663 71.000000,
11664 70.000000,
11665 72.000000,
11666 73.000000,
11667 72.000000,
11668 71.000000,
11669 71.000000,
11670 72.000000,
11671 71.000000,
11672 156.000000,
11673 199.000000,
11674 186.000000,
11675 182.000000,
11676 172.000000,
11677 167.000000,
11678 153.000000,
11679 154.000000,

12064 66.000000,
12065 67.000000,
12066 67.000000,
12067 67.000000,
12068 68.000000,
12069 69.000000,
12070 69.000000,
12071 69.000000,
12072 68.000000,
12073 67.000000,
12074 67.000000,
12075 67.000000,
12076 67.000000,
12077 68.000000,
12078 68.000000,
12079 69.000000,
12080 71.000000,
12081 73.000000,
12082 73.000000,
12083 71.000000,
12084 71.000000,
12085 73.000000,
12086 73.000000,
12087 71.000000,
12088 135.000000,
12089 214.000000,
12090 223.000000,
12091 205.000000,
12092 202.000000,
12093 192.000000,
12094 178.000000,
12095 195.000000,

12480 66.000000,
12481 67.000000,
12482 67.000000,
12483 68.000000,
12484 68.000000,
12485 69.000000,
12486 69.000000,
12487 70.000000,
12488 68.000000,
12489 68.000000,
12490 67.000000,
12491 67.000000,
12492 67.000000,
12493 68.000000,
12494 68.000000,
12495 69.000000,
12496 72.000000,
12497 74.000000,
12498 73.000000,
12499 70.000000,
12500 71.000000,
12501 75.000000,
12502 75.000000,
12503 72.000000,
12504 102.000000,
12505 173.000000,
12506 208.000000,
12507 198.000000,
12508 214.000000,
12509 206.000000,
12510 191.000000,
12511 203.000000,

12896 66.000000,
12897 67.000000,
12898 67.000000,
12899 68.000000,
12900 68.000000,
12901 69.000000,
12902 70.000000,
12903 70.000000,
12904 70.000000,
12905 70.000000,
12906 69.000000,
12907 69.000000,
12908 69.000000,
12909 70.000000,
12910 70.000000,
12911 71.000000,
12912 72.000000,
12913 74.000000,
12914 73.000000,
12915 70.000000,
12916 71.000000,
12917 76.000000,
12918 77.000000,
12919 74.000000,
12920 100.000000,
12921 138.000000,
12922 180.000000,
12923 177.000000,
12924 200.000000,
12925 185.000000,
12926 154.000000,
12927 141.000000,


173056 58.000000,
173057 59.000000,
173058 60.000000,
173059 60.000000,
173060 59.000000,
173061 58.000000,
173062 59.000000,
173063 59.000000,
173064 60.000000,
173065 60.000000,
173066 60.000000,
173067 60.000000,
173068 61.000000,
173069 62.000000,
173070 63.000000,
173071 64.000000,
173072 64.000000,
173073 62.000000,
173074 55.000000,
173075 61.000000,
173076 121.000000,
173077 172.000000,
173078 165.000000,
173079 156.000000,
173080 132.000000,
173081 136.000000,
173082 128.000000,
173083 174.000000,
173084 191.000000,
173085 180.000000,
173086 209.000000,
173087 194.000000,

173472 58.000000,
173473 59.000000,
173474 61.000000,
173475 61.000000,
173476 59.000000,
173477 58.000000,
173478 59.000000,
173479 59.000000,
173480 60.000000,
173481 60.000000,
173482 60.000000,
173483 60.000000,
173484 61.000000,
173485 62.000000,
173486 64.000000,
173487 64.000000,
173488 63.000000,
173489 66.000000,
173490 64.000000,
173491 63.000000,
173492 104.000000,
173493 151.000000,
173494 163.000000,
173495 176.000000,
173496 138.000000,
173497 173.000000,
173498 160.000000,
173499 182.000000,
173500 197.000000,
173501 194.000000,
173502 196.000000,
173503 195.000000,

173888 58.000000,
173889 59.000000,
173890 61.000000,
173891 61.000000,
173892 60.000000,
173893 59.000000,
173894 59.000000,
173895 60.000000,
173896 60.000000,
173897 60.000000,
173898 60.000000,
173899 61.000000,
173900 62.000000,
173901 63.000000,
173902 64.000000,
173903 64.000000,
173904 65.000000,
173905 66.000000,
173906 67.000000,
173907 63.000000,
173908 90.000000,
173909 130.000000,
173910 153.000000,
173911 179.000000,
173912 161.000000,
173913 171.000000,
173914 183.000000,
173915 176.000000,
173916 199.000000,
173917 191.000000,
173918 204.000000,
173919 210.000000,

174304 58.000000,
174305 60.000000,
174306 61.000000,
174307 61.000000,
174308 60.000000,
174309 59.000000,
174310 59.000000,
174311 60.000000,
174312 61.000000,
174313 61.000000,
174314 61.000000,
174315 61.000000,
174316 62.000000,
174317 63.000000,
174318 64.000000,
174319 65.000000,
174320 69.000000,
174321 62.000000,
174322 63.000000,
174323 63.000000,
174324 88.000000,
174325 124.000000,
174326 141.000000,
174327 159.000000,
174328 165.000000,
174329 140.000000,
174330 157.000000,
174331 175.000000,
174332 178.000000,
174333 186.000000,
174334 183.000000,
174335 194.000000,

174720 59.000000,
174721 60.000000,
174722 61.000000,
174723 61.000000,
174724 60.000000,
174725 59.000000,
174726 60.000000,
174727 60.000000,
174728 61.000000,
174729 61.000000,
174730 61.000000,
174731 61.000000,
174732 62.000000,
174733 63.000000,
174734 64.000000,
174735 65.000000,
174736 70.000000,
174737 59.000000,
174738 62.000000,
174739 63.000000,
174740 84.000000,
174741 120.000000,
174742 140.000000,
174743 154.000000,
174744 181.000000,
174745 168.000000,
174746 133.000000,
174747 161.000000,
174748 150.000000,
174749 198.000000,
174750 155.000000,
174751 190.000000,

175136 59.000000,
175137 60.000000,
175138 62.000000,
175139 62.000000,
175140 61.000000,
175141 60.000000,
175142 60.000000,
175143 61.000000,
175144 61.000000,
175145 61.000000,
175146 61.000000,
175147 62.000000,
175148 63.000000,
175149 64.000000,
175150 65.000000,
175151 65.000000,
175152 67.000000,
175153 61.000000,
175154 68.000000,
175155 64.000000,
175156 75.000000,
175157 117.000000,
175158 150.000000,
175159 168.000000,
175160 139.000000,
175161 173.000000,
175162 153.000000,
175163 135.000000,
175164 177.000000,
175165 193.000000,
175166 140.000000,
175167 156.000000,

175552 59.000000,
175553 61.000000,
175554 62.000000,
175555 62.000000,
175556 61.000000,
175557 60.000000,
175558 60.000000,
175559 61.000000,
175560 62.000000,
175561 61.000000,
175562 62.000000,
175563 62.000000,
175564 63.000000,
175565 64.000000,
175566 65.000000,
175567 66.000000,
175568 67.000000,
175569 60.000000,
175570 70.000000,
175571 62.000000,
175572 71.000000,
175573 121.000000,
175574 159.000000,
175575 173.000000,
175576 127.000000,
175577 145.000000,
175578 129.000000,
175579 78.000000,
175580 109.000000,
175581 138.000000,
175582 160.000000,
175583 177.000000,

175968 59.000000,
175969 61.000000,
175970 62.000000,
175971 62.000000,
175972 61.000000,
175973 60.000000,
175974 60.000000,
175975 61.000000,
175976 62.000000,
175977 62.000000,
175978 62.000000,
175979 62.000000,
175980 63.000000,
175981 64.000000,
175982 65.000000,
175983 66.000000,
175984 68.000000,
175985 60.000000,
175986 67.000000,
175987 60.000000,
175988 75.000000,
175989 129.000000,
175990 161.000000,
175991 163.000000,
175992 94.000000,
175993 113.000000,
175994 120.000000,
175995 157.000000,
175996 80.000000,
175997 144.000000,
175998 163.000000,
175999 165.000000,

176384 60.000000,
176385 60.000000,
176386 61.000000,
176387 63.000000,
176388 64.000000,
176389 63.000000,
176390 61.000000,
176391 59.000000,
176392 62.000000,
176393 62.000000,
176394 62.000000,
176395 63.000000,
176396 63.000000,
176397 65.000000,
176398 66.000000,
176399 66.000000,
176400 68.000000,
176401 73.000000,
176402 69.000000,
176403 78.000000,
176404 65.000000,
176405 95.000000,
176406 170.000000,
176407 168.000000,
176408 149.000000,
176409 167.000000,
176410 135.000000,
176411 175.000000,
176412 151.000000,
176413 150.000000,
176414 127.000000,
176415 163.000000,

176800 61.000000,
176801 61.000000,
176802 61.000000,
176803 63.000000,
176804 64.000000,
176805 63.000000,
176806 61.000000,
176807 59.000000,
176808 62.000000,
176809 62.000000,
176810 62.000000,
176811 63.000000,
176812 64.000000,
176813 65.000000,
176814 66.000000,
176815 66.000000,
176816 65.000000,
176817 75.000000,
176818 67.000000,
176819 68.000000,
176820 67.000000,
176821 112.000000,
176822 177.000000,
176823 156.000000,
176824 140.000000,
176825 157.000000,
176826 139.000000,
176827 187.000000,
176828 163.000000,
176829 152.000000,
176830 129.000000,
176831 116.000000,

177216 61.000000,
177217 61.000000,
177218 61.000000,
177219 63.000000,
177220 64.000000,
177221 63.000000,
177222 61.000000,
177223 59.000000,
177224 63.000000,
177225 63.000000,
177226 63.000000,
177227 63.000000,
177228 64.000000,
177229 65.000000,
177230 66.000000,
177231 67.000000,
177232 64.000000,
177233 72.000000,
177234 67.000000,
177235 68.000000,
177236 68.000000,
177237 107.000000,
177238 164.000000,
177239 150.000000,
177240 134.000000,
177241 160.000000,
177242 167.000000,
177243 201.000000,
177244 175.000000,
177245 165.000000,
177246 173.000000,
177247 152.000000,

177632 62.000000,
177633 61.000000,
177634 61.000000,
177635 62.000000,
177636 64.000000,
177637 63.000000,
177638 62.000000,
177639 60.000000,
177640 63.000000,
177641 63.000000,
177642 63.000000,
177643 63.000000,
177644 64.000000,
177645 65.000000,
177646 66.000000,
177647 67.000000,
177648 67.000000,
177649 65.000000,
177650 67.000000,
177651 77.000000,
177652 65.000000,
177653 78.000000,
177654 131.000000,
177655 149.000000,
177656 144.000000,
177657 166.000000,
177658 191.000000,
177659 213.000000,
177660 214.000000,
177661 197.000000,
177662 177.000000,
177663 157.000000,

178048 63.000000,
178049 62.000000,
178050 62.000000,
178051 62.000000,
178052 63.000000,
178053 64.000000,
178054 62.000000,
178055 61.000000,
178056 63.000000,
178057 63.000000,
178058 63.000000,
178059 64.000000,
178060 64.000000,
178061 66.000000,
178062 67.000000,
178063 67.000000,
178064 70.000000,
178065 65.000000,
178066 68.000000,
178067 75.000000,
178068 61.000000,
178069 66.000000,
178070 114.000000,
178071 146.000000,
178072 138.000000,
178073 163.000000,
178074 190.000000,
178075 184.000000,
178076 201.000000,
178077 185.000000,
178078 161.000000,
178079 197.000000,

178464 64.000000,
178465 63.000000,
178466 62.000000,
178467 62.000000,
178468 63.000000,
178469 64.000000,
178470 63.000000,
178471 62.000000,
178472 64.000000,
178473 64.000000,
178474 64.000000,
178475 64.000000,
178476 65.000000,
178477 66.000000,
178478 67.000000,
178479 68.000000,
178480 70.000000,
178481 69.000000,
178482 70.000000,
178483 65.000000,
178484 59.000000,
178485 79.000000,
178486 121.000000,
178487 149.000000,
178488 160.000000,
178489 178.000000,
178490 174.000000,
178491 154.000000,
178492 181.000000,
178493 181.000000,
178494 169.000000,
178495 229.000000,

178880 64.000000,
178881 63.000000,
178882 62.000000,
178883 62.000000,
178884 63.000000,
178885 64.000000,
178886 63.000000,
178887 63.000000,
178888 64.000000,
178889 64.000000,
178890 64.000000,
178891 64.000000,
178892 65.000000,
178893 66.000000,
178894 67.000000,
178895 68.000000,
178896 70.000000,
178897 68.000000,
178898 73.000000,
178899 67.000000,
178900 61.000000,
178901 81.000000,
178902 125.000000,
178903 169.000000,
178904 210.000000,
178905 219.000000,
178906 176.000000,
178907 177.000000,
178908 204.000000,
178909 195.000000,
178910 167.000000,
178911 159.000000,

179296 65.000000,
179297 63.000000,
179298 62.000000,
179299 62.000000,
179300 63.000000,
179301 64.000000,
179302 64.000000,
179303 63.000000,
179304 64.000000,
179305 64.000000,
179306 64.000000,
179307 64.000000,
179308 65.000000,
179309 66.000000,
179310 67.000000,
179311 68.000000,
179312 71.000000,
179313 64.000000,
179314 77.000000,
179315 80.000000,
179316 65.000000,
179317 67.000000,
179318 120.000000,
179319 195.000000,
179320 200.000000,
179321 247.000000,
179322 207.000000,
179323 206.000000,
179324 177.000000,
179325 152.000000,
179326 171.000000,
179327 153.000000,

179712 68.000000,
179713 65.000000,
179714 62.000000,
179715 61.000000,
179716 62.000000,
179717 64.000000,
179718 66.000000,
179719 66.000000,
179720 62.000000,
179721 62.000000,
179722 63.000000,
179723 64.000000,
179724 65.000000,
179725 67.000000,
179726 69.000000,
179727 70.000000,
179728 72.000000,
179729 69.000000,
179730 65.000000,
179731 70.000000,
179732 75.000000,
179733 79.000000,
179734 93.000000,
179735 188.000000,
179736 165.000000,
179737 226.000000,
179738 234.000000,
179739 184.000000,
179740 137.000000,
179741 136.000000,
179742 152.000000,
179743 134.000000,

180128 67.000000,
180129 65.000000,
180130 63.000000,
180131 62.000000,
180132 63.000000,
180133 65.000000,
180134 65.000000,
180135 65.000000,
180136 62.000000,
180137 62.000000,
180138 63.000000,
180139 64.000000,
180140 65.000000,
180141 67.000000,
180142 69.000000,
180143 70.000000,
180144 63.000000,
180145 75.000000,
180146 77.000000,
180147 71.000000,
180148 62.000000,
180149 66.000000,
180150 104.000000,
180151 232.000000,
180152 116.000000,
180153 176.000000,
180154 220.000000,
180155 191.000000,
180156 149.000000,
180157 133.000000,
180158 147.000000,
180159 138.000000,

180544 66.000000,
180545 65.000000,
180546 64.000000,
180547 64.000000,
180548 65.000000,
180549 66.000000,
180550 65.000000,
180551 64.000000,
180552 63.000000,
180553 63.000000,
180554 63.000000,
180555 64.000000,
180556 66.000000,
180557 67.000000,
180558 69.000000,
180559 70.000000,
180560 63.000000,
180561 75.000000,
180562 72.000000,
180563 72.000000,
180564 73.000000,
180565 68.000000,
180566 88.000000,
180567 207.000000,
180568 143.000000,
180569 132.000000,
180570 148.000000,
180571 133.000000,
180572 135.000000,
180573 135.000000,
180574 140.000000,
180575 119.000000,

180960 65.000000,
180961 64.000000,
180962 64.000000,
180963 65.000000,
180964 67.000000,
180965 67.000000,
180966 65.000000,
180967 63.000000,
180968 63.000000,
180969 64.000000,
180970 64.000000,
180971 65.000000,
180972 66.000000,
180973 67.000000,
180974 69.000000,
180975 69.000000,
180976 67.000000,
180977 73.000000,
180978 64.000000,
180979 70.000000,
180980 82.000000,
180981 72.000000,
180982 66.000000,
180983 165.000000,
180984 172.000000,
180985 146.000000,
180986 156.000000,
180987 128.000000,
180988 122.000000,
180989 122.000000,
180990 138.000000,
180991 133.000000,

181376 65.000000,
181377 65.000000,
181378 65.000000,
181379 66.000000,
181380 68.000000,
181381 67.000000,
181382 65.000000,
181383 63.000000,
181384 64.000000,
181385 64.000000,
181386 64.000000,
181387 65.000000,
181388 66.000000,
181389 67.000000,
181390 69.000000,
181391 69.000000,
181392 65.000000,
181393 75.000000,
181394 72.000000,
181395 69.000000,
181396 70.000000,
181397 65.000000,
181398 70.000000,
181399 168.000000,
181400 167.000000,
181401 169.000000,
181402 191.000000,
181403 181.000000,
181404 171.000000,
181405 159.000000,
181406 159.000000,
181407 147.000000,

181792 65.000000,
181793 65.000000,
181794 65.000000,
181795 66.000000,
181796 68.000000,
181797 67.000000,
181798 65.000000,
181799 64.000000,
181800 65.000000,
181801 65.000000,
181802 65.000000,
181803 65.000000,
181804 66.000000,
181805 67.000000,
181806 69.000000,
181807 69.000000,
181808 66.000000,
181809 72.000000,
181810 75.000000,
181811 71.000000,
181812 67.000000,
181813 70.000000,
181814 76.000000,
181815 153.000000,
181816 162.000000,
181817 164.000000,
181818 152.000000,
181819 170.000000,
181820 193.000000,
181821 195.000000,
181822 177.000000,
181823 145.000000,

182208 66.000000,
182209 66.000000,
182210 65.000000,
182211 66.000000,
182212 67.000000,
182213 67.000000,
182214 66.000000,
182215 64.000000,
182216 66.000000,
182217 66.000000,
182218 65.000000,
182219 66.000000,
182220 66.000000,
182221 67.000000,
182222 68.000000,
182223 69.000000,
182224 73.000000,
182225 67.000000,
182226 71.000000,
182227 73.000000,
182228 71.000000,
182229 83.000000,
182230 71.000000,
182231 110.000000,
182232 165.000000,
182233 183.000000,
182234 130.000000,
182235 149.000000,
182236 153.000000,
182237 154.000000,
182238 162.000000,
182239 164.000000,

182624 67.000000,
182625 66.000000,
182626 65.000000,
182627 66.000000,
182628 67.000000,
182629 67.000000,
182630 66.000000,
182631 65.000000,
182632 66.000000,
182633 66.000000,
182634 66.000000,
182635 66.000000,
182636 67.000000,
182637 67.000000,
182638 68.000000,
182639 69.000000,
182640 77.000000,
182641 66.000000,
182642 72.000000,
182643 72.000000,
182644 64.000000,
182645 82.000000,
182646 72.000000,
182647 98.000000,
182648 191.000000,
182649 220.000000,
182650 145.000000,
182651 165.000000,
182652 149.000000,
182653 132.000000,
182654 144.000000,
182655 164.000000,

183040 68.000000,
183041 68.000000,
183042 68.000000,
183043 68.000000,
183044 67.000000,
183045 67.000000,
183046 67.000000,
183047 67.000000,
183048 67.000000,
183049 67.000000,
183050 67.000000,
183051 68.000000,
183052 69.000000,
183053 70.000000,
183054 72.000000,
183055 72.000000,
183056 74.000000,
183057 72.000000,
183058 72.000000,
183059 73.000000,
183060 71.000000,
183061 70.000000,
183062 77.000000,
183063 86.000000,
183064 142.000000,
183065 160.000000,
183066 179.000000,
183067 129.000000,
183068 159.000000,
183069 152.000000,
183070 111.000000,
183071 169.000000,

183456 68.000000,
183457 68.000000,
183458 68.000000,
183459 68.000000,
183460 67.000000,
183461 67.000000,
183462 67.000000,
183463 67.000000,
183464 66.000000,
183465 66.000000,
183466 66.000000,
183467 66.000000,
183468 67.000000,
183469 68.000000,
183470 70.000000,
183471 70.000000,
183472 73.000000,
183473 72.000000,
183474 72.000000,
183475 73.000000,
183476 71.000000,
183477 70.000000,
183478 76.000000,
183479 83.000000,
183480 143.000000,
183481 139.000000,
183482 153.000000,
183483 128.000000,
183484 140.000000,
183485 146.000000,
183486 135.000000,
183487 183.000000,

183872 68.000000,
183873 68.000000,
183874 68.000000,
183875 68.000000,
183876 68.000000,
183877 68.000000,
183878 68.000000,
183879 68.000000,
183880 66.000000,
183881 66.000000,
183882 66.000000,
183883 67.000000,
183884 67.000000,
183885 69.000000,
183886 70.000000,
183887 70.000000,
183888 72.000000,
183889 72.000000,
183890 73.000000,
183891 73.000000,
183892 72.000000,
183893 70.000000,
183894 74.000000,
183895 79.000000,
183896 168.000000,
183897 143.000000,
183898 136.000000,
183899 133.000000,
183900 120.000000,
183901 127.000000,
183902 128.000000,
183903 146.000000,

184288 68.000000,
184289 68.000000,
184290 68.000000,
184291 68.000000,
184292 68.000000,
184293 68.000000,
184294 68.000000,
184295 69.000000,
184296 69.000000,
184297 69.000000,
184298 68.000000,
184299 69.000000,
184300 69.000000,
184301 70.000000,
184302 71.000000,
184303 72.000000,
184304 71.000000,
184305 72.000000,
184306 73.000000,
184307 73.000000,
184308 72.000000,
184309 71.000000,
184310 72.000000,
184311 75.000000,
184312 155.000000,
184313 150.000000,
184314 131.000000,
184315 139.000000,
184316 124.000000,
184317 129.000000,
184318 124.000000,
184319 121.000000,

184704 67.000000,
184705 68.000000,
184706 68.000000,
184707 68.000000,
184708 69.000000,
184709 69.000000,
184710 69.000000,
184711 69.000000,
184712 70.000000,
184713 69.000000,
184714 69.000000,
184715 69.000000,
184716 70.000000,
184717 70.000000,
184718 71.000000,
184719 72.000000,
184720 71.000000,
184721 73.000000,
184722 74.000000,
184723 73.000000,
184724 72.000000,
184725 72.000000,
184726 73.000000,
184727 72.000000,
184728 127.000000,
184729 173.000000,
184730 162.000000,
184731 161.000000,
184732 154.000000,
184733 154.000000,
184734 142.000000,
184735 144.000000,

185120 67.000000,
185121 68.000000,
185122 68.000000,
185123 68.000000,
185124 69.000000,
185125 70.000000,
185126 70.000000,
185127 70.000000,
185128 69.000000,
185129 68.000000,
185130 68.000000,
185131 68.000000,
185132 68.000000,
185133 69.000000,
185134 69.000000,
185135 70.000000,
185136 72.000000,
185137 74.000000,
185138 74.000000,
185139 72.000000,
185140 72.000000,
185141 74.000000,
185142 74.000000,
185143 72.000000,
185144 110.000000,
185145 192.000000,
185146 205.000000,
185147 192.000000,
185148 194.000000,
185149 189.000000,
185150 180.000000,
185151 199.000000,

185536 67.000000,
185537 68.000000,
185538 68.000000,
185539 69.000000,
185540 69.000000,
185541 70.000000,
185542 70.000000,
185543 71.000000,
185544 69.000000,
185545 69.000000,
185546 68.000000,
185547 68.000000,
185548 68.000000,
185549 69.000000,
185550 69.000000,
185551 70.000000,
185552 73.000000,
185553 75.000000,
185554 74.000000,
185555 71.000000,
185556 72.000000,
185557 76.000000,
185558 76.000000,
185559 73.000000,
185560 88.000000,
185561 160.000000,
185562 201.000000,
185563 197.000000,
185564 218.000000,
185565 217.000000,
185566 207.000000,
185567 221.000000,

185952 67.000000,
185953 68.000000,
185954 68.000000,
185955 69.000000,
185956 69.000000,
185957 70.000000,
185958 71.000000,
185959 71.000000,
185960 71.000000,
185961 71.000000,
185962 70.000000,
185963 70.000000,
185964 70.000000,
185965 71.000000,
185966 71.000000,
185967 72.000000,
185968 73.000000,
185969 75.000000,
185970 74.000000,
185971 71.000000,
185972 72.000000,
185973 77.000000,
185974 78.000000,
185975 75.000000,
185976 92.000000,
185977 132.000000,
185978 180.000000,
185979 184.000000,
185980 215.000000,
185981 207.000000,
185982 180.000000,
185983 171.000000,


346112 52.000000,
346113 53.000000,
346114 54.000000,
346115 54.000000,
346116 53.000000,
346117 52.000000,
346118 53.000000,
346119 53.000000,
346120 52.000000,
346121 52.000000,
346122 52.000000,
346123 52.000000,
346124 53.000000,
346125 54.000000,
346126 55.000000,
346127 56.000000,
346128 50.000000,
346129 50.000000,
346130 48.000000,
346131 50.000000,
346132 98.000000,
346133 129.000000,
346134 102.000000,
346135 79.000000,
346136 73.000000,
346137 73.000000,
346138 59.000000,
346139 99.000000,
346140 116.000000,
346141 106.000000,
346142 139.000000,
346143 128.000000,

346528 52.000000,
346529 53.000000,
346530 55.000000,
346531 55.000000,
346532 53.000000,
346533 52.000000,
346534 53.000000,
346535 53.000000,
346536 52.000000,
346537 52.000000,
346538 52.000000,
346539 52.000000,
346540 53.000000,
346541 54.000000,
346542 56.000000,
346543 56.000000,
346544 48.000000,
346545 55.000000,
346546 56.000000,
346547 51.000000,
346548 82.000000,
346549 107.000000,
346550 99.000000,
346551 98.000000,
346552 74.000000,
346553 105.000000,
346554 87.000000,
346555 107.000000,
346556 121.000000,
346557 120.000000,
346558 126.000000,
346559 127.000000,

346944 52.000000,
346945 53.000000,
346946 55.000000,
346947 55.000000,
346948 54.000000,
346949 53.000000,
346950 53.000000,
346951 54.000000,
346952 52.000000,
346953 52.000000,
346954 52.000000,
346955 53.000000,
346956 54.000000,
346957 55.000000,
346958 56.000000,
346959 56.000000,
346960 49.000000,
346961 55.000000,
346962 59.000000,
346963 52.000000,
346964 67.000000,
346965 87.000000,
346966 87.000000,
346967 99.000000,
346968 86.000000,
346969 96.000000,
346970 107.000000,
346971 101.000000,
346972 125.000000,
346973 120.000000,
346974 134.000000,
346975 140.000000,

347360 50.000000,
347361 52.000000,
347362 53.000000,
347363 53.000000,
347364 52.000000,
347365 51.000000,
347366 51.000000,
347367 52.000000,
347368 53.000000,
347369 53.000000,
347370 53.000000,
347371 53.000000,
347372 54.000000,
347373 55.000000,
347374 56.000000,
347375 57.000000,
347376 54.000000,
347377 50.000000,
347378 56.000000,
347379 52.000000,
347380 64.000000,
347381 79.000000,
347382 76.000000,
347383 80.000000,
347384 84.000000,
347385 62.000000,
347386 81.000000,
347387 104.000000,
347388 108.000000,
347389 118.000000,
347390 114.000000,
347391 124.000000,

347776 51.000000,
347777 52.000000,
347778 53.000000,
347779 53.000000,
347780 52.000000,
347781 51.000000,
347782 52.000000,
347783 52.000000,
347784 53.000000,
347785 53.000000,
347786 53.000000,
347787 53.000000,
347788 54.000000,
347789 55.000000,
347790 56.000000,
347791 57.000000,
347792 56.000000,
347793 49.000000,
347794 55.000000,
347795 54.000000,
347796 60.000000,
347797 76.000000,
347798 74.000000,
347799 74.000000,
347800 101.000000,
347801 92.000000,
347802 63.000000,
347803 96.000000,
347804 88.000000,
347805 133.000000,
347806 85.000000,
347807 117.000000,

348192 53.000000,
348193 54.000000,
348194 56.000000,
348195 56.000000,
348196 55.000000,
348197 54.000000,
348198 54.000000,
348199 55.000000,
348200 53.000000,
348201 53.000000,
348202 53.000000,
348203 54.000000,
348204 55.000000,
348205 56.000000,
348206 57.000000,
348207 57.000000,
348208 56.000000,
348209 52.000000,
348210 63.000000,
348211 55.000000,
348212 52.000000,
348213 74.000000,
348214 85.000000,
348215 91.000000,
348216 68.000000,
348217 107.000000,
348218 96.000000,
348219 83.000000,
348220 124.000000,
348221 135.000000,
348222 72.000000,
348223 82.000000,

348608 53.000000,
348609 55.000000,
348610 56.000000,
348611 56.000000,
348612 55.000000,
348613 54.000000,
348614 54.000000,
348615 55.000000,
348616 54.000000,
348617 53.000000,
348618 54.000000,
348619 54.000000,
348620 55.000000,
348621 56.000000,
348622 57.000000,
348623 58.000000,
348624 56.000000,
348625 55.000000,
348626 66.000000,
348627 54.000000,
348628 51.000000,
348629 78.000000,
348630 95.000000,
348631 96.000000,
348632 66.000000,
348633 90.000000,
348634 86.000000,
348635 38.000000,
348636 68.000000,
348637 85.000000,
348638 92.000000,
348639 99.000000,

349024 53.000000,
349025 55.000000,
349026 56.000000,
349027 56.000000,
349028 55.000000,
349029 54.000000,
349030 54.000000,
349031 55.000000,
349032 54.000000,
349033 54.000000,
349034 54.000000,
349035 54.000000,
349036 55.000000,
349037 56.000000,
349038 57.000000,
349039 58.000000,
349040 58.000000,
349041 55.000000,
349042 64.000000,
349043 55.000000,
349044 55.000000,
349045 89.000000,
349046 97.000000,
349047 86.000000,
349048 39.000000,
349049 67.000000,
349050 83.000000,
349051 126.000000,
349052 42.000000,
349053 93.000000,
349054 97.000000,
349055 86.000000,

349440 54.000000,
349441 54.000000,
349442 55.000000,
349443 57.000000,
349444 58.000000,
349445 57.000000,
349446 55.000000,
349447 53.000000,
349448 56.000000,
349449 56.000000,
349450 56.000000,
349451 57.000000,
349452 57.000000,
349453 59.000000,
349454 60.000000,
349455 60.000000,
349456 61.000000,
349457 62.000000,
349458 55.000000,
349459 69.000000,
349460 55.000000,
349461 71.000000,
349462 119.000000,
349463 95.000000,
349464 100.000000,
349465 115.000000,
349466 77.000000,
349467 113.000000,
349468 89.000000,
349469 91.000000,
349470 73.000000,
349471 114.000000,

349856 55.000000,
349857 55.000000,
349858 55.000000,
349859 57.000000,
349860 58.000000,
349861 57.000000,
349862 55.000000,
349863 53.000000,
349864 56.000000,
349865 56.000000,
349866 56.000000,
349867 57.000000,
349868 58.000000,
349869 59.000000,
349870 60.000000,
349871 60.000000,
349872 59.000000,
349873 65.000000,
349874 54.000000,
349875 60.000000,
349876 57.000000,
349877 88.000000,
349878 126.000000,
349879 85.000000,
349880 86.000000,
349881 96.000000,
349882 66.000000,
349883 105.000000,
349884 81.000000,
349885 74.000000,
349886 60.000000,
349887 52.000000,

350272 55.000000,
350273 55.000000,
350274 55.000000,
350275 57.000000,
350276 58.000000,
350277 57.000000,
350278 55.000000,
350279 53.000000,
350280 57.000000,
350281 57.000000,
350282 57.000000,
350283 57.000000,
350284 58.000000,
350285 59.000000,
350286 60.000000,
350287 61.000000,
350288 59.000000,
350289 63.000000,
350290 55.000000,
350291 60.000000,
350292 59.000000,
350293 84.000000,
350294 114.000000,
350295 77.000000,
350296 74.000000,
350297 89.000000,
350298 77.000000,
350299 98.000000,
350300 67.000000,
350301 63.000000,
350302 84.000000,
350303 72.000000,

350688 54.000000,
350689 53.000000,
350690 53.000000,
350691 54.000000,
350692 56.000000,
350693 55.000000,
350694 54.000000,
350695 52.000000,
350696 55.000000,
350697 55.000000,
350698 55.000000,
350699 55.000000,
350700 56.000000,
350701 57.000000,
350702 58.000000,
350703 59.000000,
350704 63.000000,
350705 55.000000,
350706 56.000000,
350707 69.000000,
350708 56.000000,
350709 57.000000,
350710 83.000000,
350711 78.000000,
350712 85.000000,
350713 91.000000,
350714 94.000000,
350715 98.000000,
350716 94.000000,
350717 85.000000,
350718 81.000000,
350719 73.000000,

351104 55.000000,
351105 54.000000,
351106 54.000000,
351107 54.000000,
351108 55.000000,
351109 56.000000,
351110 54.000000,
351111 53.000000,
351112 55.000000,
351113 55.000000,
351114 55.000000,
351115 56.000000,
351116 56.000000,
351117 58.000000,
351118 59.000000,
351119 59.000000,
351120 66.000000,
351121 55.000000,
351122 57.000000,
351123 67.000000,
351124 55.000000,
351125 47.000000,
351126 68.000000,
351127 78.000000,
351128 74.000000,
351129 86.000000,
351130 96.000000,
351131 74.000000,
351132 88.000000,
351133 81.000000,
351134 71.000000,
351135 118.000000,

351520 58.000000,
351521 57.000000,
351522 56.000000,
351523 56.000000,
351524 57.000000,
351525 58.000000,
351526 57.000000,
351527 56.000000,
351528 58.000000,
351529 58.000000,
351530 58.000000,
351531 58.000000,
351532 59.000000,
351533 60.000000,
351534 61.000000,
351535 62.000000,
351536 63.000000,
351537 58.000000,
351538 58.000000,
351539 59.000000,
351540 55.000000,
351541 62.000000,
351542 78.000000,
351543 84.000000,
351544 86.000000,
351545 95.000000,
351546 82.000000,
351547 55.000000,
351548 82.000000,
351549 88.000000,
351550 89.000000,
351551 155.000000,

351936 58.000000,
351937 57.000000,
351938 56.000000,
351939 56.000000,
351940 57.000000,
351941 58.000000,
351942 57.000000,
351943 57.000000,
351944 58.000000,
351945 58.000000,
351946 58.000000,
351947 58.000000,
351948 59.000000,
351949 60.000000,
351950 61.000000,
351951 62.000000,
351952 62.000000,
351953 56.000000,
351954 60.000000,
351955 61.000000,
351956 58.000000,
351957 65.000000,
351958 85.000000,
351959 107.000000,
351960 116.000000,
351961 124.000000,
351962 83.000000,
351963 85.000000,
351964 116.000000,
351965 112.000000,
351966 92.000000,
351967 87.000000,

352352 59.000000,
352353 57.000000,
352354 56.000000,
352355 56.000000,
352356 57.000000,
352357 58.000000,
352358 58.000000,
352359 57.000000,
352360 58.000000,
352361 58.000000,
352362 58.000000,
352363 58.000000,
352364 59.000000,
352365 60.000000,
352366 61.000000,
352367 62.000000,
352368 62.000000,
352369 51.000000,
352370 63.000000,
352371 73.000000,
352372 62.000000,
352373 54.000000,
352374 81.000000,
352375 134.000000,
352376 88.000000,
352377 141.000000,
352378 109.000000,
352379 116.000000,
352380 94.000000,
352381 74.000000,
352382 95.000000,
352383 78.000000,

352768 62.000000,
352769 59.000000,
352770 56.000000,
352771 55.000000,
352772 56.000000,
352773 58.000000,
352774 60.000000,
352775 60.000000,
352776 56.000000,
352777 56.000000,
352778 57.000000,
352779 58.000000,
352780 59.000000,
352781 61.000000,
352782 63.000000,
352783 64.000000,
352784 67.000000,
352785 58.000000,
352786 52.000000,
352787 62.000000,
352788 71.000000,
352789 73.000000,
352790 75.000000,
352791 159.000000,
352792 81.000000,
352793 136.000000,
352794 142.000000,
352795 101.000000,
352796 70.000000,
352797 77.000000,
352798 87.000000,
352799 63.000000,

353184 61.000000,
353185 59.000000,
353186 57.000000,
353187 56.000000,
353188 57.000000,
353189 59.000000,
353190 59.000000,
353191 59.000000,
353192 56.000000,
353193 56.000000,
353194 57.000000,
353195 58.000000,
353196 59.000000,
353197 61.000000,
353198 63.000000,
353199 64.000000,
353200 58.000000,
353201 64.000000,
353202 64.000000,
353203 63.000000,
353204 58.000000,
353205 60.000000,
353206 86.000000,
353207 203.000000,
353208 51.000000,
353209 103.000000,
353210 140.000000,
353211 118.000000,
353212 88.000000,
353213 77.000000,
353214 83.000000,
353215 67.000000,

353600 60.000000,
353601 59.000000,
353602 58.000000,
353603 58.000000,
353604 59.000000,
353605 60.000000,
353606 59.000000,
353607 58.000000,
353608 57.000000,
353609 57.000000,
353610 57.000000,
353611 58.000000,
353612 60.000000,
353613 61.000000,
353614 63.000000,
353615 64.000000,
353616 58.000000,
353617 64.000000,
353618 59.000000,
353619 63.000000,
353620 68.000000,
353621 61.000000,
353622 69.000000,
353623 178.000000,
353624 91.000000,
353625 69.000000,
353626 78.000000,
353627 67.000000,
353628 79.000000,
353629 84.000000,
353630 81.000000,
353631 52.000000,

354016 57.000000,
354017 56.000000,
354018 56.000000,
354019 57.000000,
354020 59.000000,
354021 59.000000,
354022 57.000000,
354023 55.000000,
354024 55.000000,
354025 56.000000,
354026 56.000000,
354027 57.000000,
354028 58.000000,
354029 59.000000,
354030 61.000000,
354031 61.000000,
354032 62.000000,
354033 62.000000,
354034 51.000000,
354035 61.000000,
354036 77.000000,
354037 64.000000,
354038 47.000000,
354039 134.000000,
354040 110.000000,
354041 76.000000,
354042 79.000000,
354043 59.000000,
354044 68.000000,
354045 76.000000,
354046 88.000000,
354047 78.000000,

354432 57.000000,
354433 57.000000,
354434 57.000000,
354435 58.000000,
354436 60.000000,
354437 59.000000,
354438 57.000000,
354439 55.000000,
354440 56.000000,
354441 56.000000,
354442 56.000000,
354443 57.000000,
354444 58.000000,
354445 59.000000,
354446 61.000000,
354447 61.000000,
354448 60.000000,
354449 65.000000,
354450 58.000000,
354451 60.000000,
354452 65.000000,
354453 57.000000,
354454 50.000000,
354455 137.000000,
354456 85.000000,
354457 80.000000,
354458 101.000000,
354459 102.000000,
354460 113.000000,
354461 118.000000,
354462 120.000000,
354463 105.000000,

354848 59.000000,
354849 59.000000,
354850 59.000000,
354851 60.000000,
354852 62.000000,
354853 61.000000,
354854 59.000000,
354855 58.000000,
354856 59.000000,
354857 59.000000,
354858 59.000000,
354859 59.000000,
354860 60.000000,
354861 61.000000,
354862 63.000000,
354863 63.000000,
354864 61.000000,
354865 62.000000,
354866 61.000000,
354867 62.000000,
354868 62.000000,
354869 62.000000,
354870 55.000000,
354871 121.000000,
354872 79.000000,
354873 73.000000,
354874 58.000000,
354875 91.000000,
354876 136.000000,
354877 156.000000,
354878 142.000000,
354879 108.000000,

355264 60.000000,
355265 60.000000,
355266 59.000000,
355267 60.000000,
355268 61.000000,
355269 61.000000,
355270 60.000000,
355271 58.000000,
355272 60.000000,
355273 60.000000,
355274 59.000000,
355275 60.000000,
355276 60.000000,
355277 61.000000,
355278 62.000000,
355279 63.000000,
355280 68.000000,
355281 57.000000,
355282 57.000000,
355283 63.000000,
355284 65.000000,
355285 74.000000,
355286 50.000000,
355287 77.000000,
355288 105.000000,
355289 112.000000,
355290 53.000000,
355291 80.000000,
355292 100.000000,
355293 114.000000,
355294 123.000000,
355295 121.000000,

355680 61.000000,
355681 60.000000,
355682 59.000000,
355683 60.000000,
355684 61.000000,
355685 61.000000,
355686 60.000000,
355687 59.000000,
355688 60.000000,
355689 60.000000,
355690 60.000000,
355691 60.000000,
355692 61.000000,
355693 61.000000,
355694 62.000000,
355695 63.000000,
355696 72.000000,
355697 56.000000,
355698 58.000000,
355699 62.000000,
355700 58.000000,
355701 73.000000,
355702 51.000000,
355703 65.000000,
355704 157.000000,
355705 174.000000,
355706 87.000000,
355707 106.000000,
355708 101.000000,
355709 90.000000,
355710 100.000000,
355711 112.000000,

356096 62.000000,
356097 62.000000,
356098 62.000000,
356099 62.000000,
356100 61.000000,
356101 61.000000,
356102 61.000000,
356103 61.000000,
356104 61.000000,
356105 61.000000,
356106 61.000000,
356107 62.000000,
356108 63.000000,
356109 64.000000,
356110 66.000000,
356111 66.000000,
356112 66.000000,
356113 64.000000,
356114 64.000000,
356115 65.000000,
356116 63.000000,
356117 62.000000,
356118 69.000000,
356119 78.000000,
356120 88.000000,
356121 113.000000,
356122 141.000000,
356123 100.000000,
356124 136.000000,
356125 127.000000,
356126 81.000000,
356127 137.000000,

356512 62.000000,
356513 62.000000,
356514 62.000000,
356515 62.000000,
356516 61.000000,
356517 61.000000,
356518 61.000000,
356519 61.000000,
356520 60.000000,
356521 60.000000,
356522 60.000000,
356523 60.000000,
356524 61.000000,
356525 62.000000,
356526 64.000000,
356527 64.000000,
356528 65.000000,
356529 64.000000,
356530 64.000000,
356531 65.000000,
356532 63.000000,
356533 62.000000,
356534 68.000000,
356535 75.000000,
356536 95.000000,
356537 96.000000,
356538 117.000000,
356539 99.000000,
356540 114.000000,
356541 117.000000,
356542 101.000000,
356543 146.000000,

356928 62.000000,
356929 62.000000,
356930 62.000000,
356931 62.000000,
356932 62.000000,
356933 62.000000,
356934 62.000000,
356935 62.000000,
356936 60.000000,
356937 60.000000,
356938 60.000000,
356939 61.000000,
356940 61.000000,
356941 63.000000,
356942 64.000000,
356943 64.000000,
356944 64.000000,
356945 64.000000,
356946 65.000000,
356947 65.000000,
356948 64.000000,
356949 62.000000,
356950 66.000000,
356951 71.000000,
356952 133.000000,
356953 112.000000,
356954 110.000000,
356955 108.000000,
356956 95.000000,
356957 99.000000,
356958 94.000000,
356959 107.000000,

357344 60.000000,
357345 60.000000,
357346 60.000000,
357347 60.000000,
357348 60.000000,
357349 60.000000,
357350 60.000000,
357351 61.000000,
357352 61.000000,
357353 61.000000,
357354 60.000000,
357355 61.000000,
357356 61.000000,
357357 62.000000,
357358 63.000000,
357359 64.000000,
357360 63.000000,
357361 64.000000,
357362 65.000000,
357363 65.000000,
357364 64.000000,
357365 63.000000,
357366 64.000000,
357367 67.000000,
357368 141.000000,
357369 136.000000,
357370 118.000000,
357371 126.000000,
357372 107.000000,
357373 105.000000,
357374 94.000000,
357375 88.000000,

357760 59.000000,
357761 60.000000,
357762 60.000000,
357763 60.000000,
357764 61.000000,
357765 61.000000,
357766 61.000000,
357767 61.000000,
357768 62.000000,
357769 61.000000,
357770 61.000000,
357771 61.000000,
357772 62.000000,
357773 62.000000,
357774 63.000000,
357775 64.000000,
357776 63.000000,
357777 65.000000,
357778 66.000000,
357779 65.000000,
357780 64.000000,
357781 64.000000,
357782 65.000000,
357783 64.000000,
357784 129.000000,
357785 174.000000,
357786 160.000000,
357787 156.000000,
357788 144.000000,
357789 137.000000,
357790 120.000000,
357791 117.000000,

358176 61.000000,
358177 62.000000,
358178 62.000000,
358179 62.000000,
358180 63.000000,
358181 64.000000,
358182 64.000000,
358183 64.000000,
358184 63.000000,
358185 62.000000,
358186 62.000000,
358187 62.000000,
358188 62.000000,
358189 63.000000,
358190 63.000000,
358191 64.000000,
358192 64.000000,
358193 66.000000,
358194 66.000000,
358195 64.000000,
358196 64.000000,
358197 66.000000,
358198 66.000000,
358199 64.000000,
358200 114.000000,
358201 194.000000,
358202 203.000000,
358203 184.000000,
358204 181.000000,
358205 170.000000,
358206 156.000000,
358207 172.000000,

358592 61.000000,
358593 62.000000,
358594 62.000000,
358595 63.000000,
358596 63.000000,
358597 64.000000,
358598 64.000000,
358599 65.000000,
358600 63.000000,
358601 63.000000,
358602 62.000000,
358603 62.000000,
358604 62.000000,
358605 63.000000,
358606 63.000000,
358607 64.000000,
358608 65.000000,
358609 67.000000,
358610 66.000000,
358611 63.000000,
358612 64.000000,
358613 68.000000,
358614 68.000000,
358615 65.000000,
358616 79.000000,
358617 151.000000,
358618 185.000000,
358619 176.000000,
358620 191.000000,
358621 185.000000,
358622 170.000000,
358623 183.000000,

359008 61.000000,
359009 62.000000,
359010 62.000000,
359011 63.000000,
359012 63.000000,
359013 64.000000,
359014 65.000000,
359015 65.000000,
359016 65.000000,
359017 65.000000,
359018 64.000000,
359019 64.000000,
359020 64.000000,
359021 65.000000,
359022 65.000000,
359023 66.000000,
359024 65.000000,
359025 67.000000,
359026 66.000000,
359027 63.000000,
359028 64.000000,
359029 69.000000,
359030 70.000000,
359031 67.000000,
359032 71.000000,
359033 108.000000,
359034 152.000000,
359035 150.000000,
359036 174.000000,
359037 161.000000,
359038 132.000000,
359039 121.000000,


